[gd_scene load_steps=7 format=2]

[ext_resource path="res://Assets/Hands/left_hand_03_25.glb" type="PackedScene" id=1]
[ext_resource path="res://Assets/Hands/hand_normals.png" type="Texture" id=2]
[ext_resource path="res://Assets/Hands/hand_cavity.png" type="Texture" id=3]
[ext_resource path="res://Assets/KeypointMaterials/hand_keypoint_material.tres" type="Material" id=4]

[sub_resource type="SpatialMaterial" id=1]
albedo_texture = ExtResource( 3 )
normal_enabled = true
normal_scale = 1.0
normal_texture = ExtResource( 2 )

[sub_resource type="CapsuleShape" id=2]

[node name="LeftHand" instance=ExtResource( 1 )]

[node name="Skeleton" parent="Left_Hand" index="0"]
bones/12/bound_children = [ NodePath("Palm") ]
bones/23/bound_children = [ NodePath("Thumb_Proximal") ]
bones/24/bound_children = [ NodePath("Thumb_Distal") ]

[node name="Hand_Mesh_L" parent="Left_Hand/Skeleton" index="0"]
material/0 = SubResource( 1 )

[node name="Keypoints_L" parent="Left_Hand/Skeleton" index="1"]
material/0 = ExtResource( 4 )

[node name="Wrist" type="BoneAttachment" parent="Left_Hand/Skeleton" index="2"]

[node name="KinematicBody" type="KinematicBody" parent="Left_Hand/Skeleton/Wrist" index="0"]

[node name="CollisionShape" type="CollisionShape" parent="Left_Hand/Skeleton/Wrist/KinematicBody" index="0"]
transform = Transform( -1.96701e-09, 0, 0.032, 0, 0.035, 0, -0.045, 0, -1.39876e-09, 0.00998975, 0, 0.101898 )
shape = SubResource( 2 )

[node name="Palm" type="BoneAttachment" parent="Left_Hand/Skeleton" index="3"]
transform = Transform( 0.999296, 0.00818182, -0.0366236, 0.0362129, 0.0457058, 0.998298, 0.0098418, -0.998921, 0.0453773, 0.0145813, 0.0161543, 0.0131699 )
bone_name = "Palm"

[node name="KinematicBody" type="KinematicBody" parent="Left_Hand/Skeleton/Palm" index="0"]

[node name="CollisionShape" type="CollisionShape" parent="Left_Hand/Skeleton/Palm/KinematicBody" index="0"]
transform = Transform( -1.77351e-09, -2.32831e-10, 0.046, 1.74623e-09, 0.06, 1.45519e-10, -0.041, 2.32831e-09, -1.99179e-09, -0.000524916, 0.00241152, -0.0100602 )
shape = SubResource( 2 )

[node name="Thumb_Distal" type="BoneAttachment" parent="Left_Hand/Skeleton" index="4"]
transform = Transform( 0.809635, 0.523755, 0.264901, 0.00559903, -0.458201, 0.888831, 0.586907, -0.718145, -0.373908, 0.123804, -0.0270487, -0.00906711 )
bone_name = "Thumb_Distal"

[node name="KinematicBody" type="KinematicBody" parent="Left_Hand/Skeleton/Thumb_Distal" index="0"]

[node name="CollisionShape" type="CollisionShape" parent="Left_Hand/Skeleton/Thumb_Distal/KinematicBody" index="0"]
transform = Transform( -4.23195e-09, 5.97332e-09, 0.009, 0, 0.031, -1.73419e-09, -0.015, -1.68525e-15, -2.53917e-09, 0.00233322, 0.0119815, -0.000889764 )
shape = SubResource( 2 )

[node name="Thumb_Proximal" type="BoneAttachment" parent="Left_Hand/Skeleton" index="5"]
transform = Transform( 0.731399, 0.668325, 0.135631, 0.123094, -0.325003, 0.937668, 0.670748, -0.669114, -0.319974, 0.0870657, -0.00918322, 0.0277142 )
bone_name = "Thumb_Proximal"

[node name="KinematicBody" type="KinematicBody" parent="Left_Hand/Skeleton/Thumb_Proximal" index="0"]

[node name="CollisionShape" type="CollisionShape" parent="Left_Hand/Skeleton/Thumb_Proximal/KinematicBody" index="0"]
transform = Transform( -4.88944e-09, -4.65661e-09, 0.012, -6.98492e-10, 0.029, 4.65661e-10, -0.017, 9.31323e-10, -2.79397e-09, -0.0030748, 0.0133513, 0.00347314 )
shape = SubResource( 2 )

[node name="Index_Distal" type="BoneAttachment" parent="Left_Hand/Skeleton" index="6"]
transform = Transform( 0.973966, 0.204193, 0.0984617, -0.0168837, -0.367794, 0.929754, 0.226063, -0.907211, -0.354771, 0.06288, 0.00814416, -0.145323 )
bone_name = "Index_Distal"

[node name="KinematicBody" type="KinematicBody" parent="Left_Hand/Skeleton/Index_Distal" index="0"]

[node name="CollisionShape" type="CollisionShape" parent="Left_Hand/Skeleton/Index_Distal/KinematicBody" index="0"]
transform = Transform( -2.38651e-09, -7.91624e-09, 0.00800001, -2.32831e-10, 0.02, 1.74623e-09, -0.00900001, 0, -2.32831e-09, 0.000228081, 0.0122657, -0.00141403 )
shape = SubResource( 2 )

[node name="Index_Intermediate" type="BoneAttachment" parent="Left_Hand/Skeleton" index="7"]
transform = Transform( 0.972333, 0.230472, 0.038081, -0.0116924, -0.114798, 0.99332, 0.233304, -0.966283, -0.108927, 0.054064, 0.0125354, -0.108361 )
bone_name = "Index_Intermediate"

[node name="KinematicBody" type="KinematicBody" parent="Left_Hand/Skeleton/Index_Intermediate" index="0"]

[node name="CollisionShape" type="CollisionShape" parent="Left_Hand/Skeleton/Index_Intermediate/KinematicBody" index="0"]
transform = Transform( -3.94982e-09, -3.41485e-09, 0.01, -1.04774e-09, 0.022, 1.5522e-09, -0.014, -1.64644e-09, -2.8213e-09, 0.00122217, 0.019063, -0.00115869 )
shape = SubResource( 2 )

[node name="Index_Proximal" type="BoneAttachment" parent="Left_Hand/Skeleton" index="8"]
transform = Transform( 0.98374, 0.175595, 0.0377049, -0.0169661, -0.118142, 0.992852, 0.178795, -0.977348, -0.113242, 0.0436321, 0.0195541, -0.0502982 )
bone_name = "Index_Proximal"

[node name="KinematicBody" type="KinematicBody" parent="Left_Hand/Skeleton/Index_Proximal" index="0"]

[node name="CollisionShape" type="CollisionShape" parent="Left_Hand/Skeleton/Index_Proximal/KinematicBody" index="0"]
transform = Transform( -3.92902e-09, 2.79397e-09, 0.01, -1.04774e-09, 0.025, 1.28057e-09, -0.014, -1.62981e-09, -2.82307e-09, 0.00114012, 0.033111, 0.00051151 )
shape = SubResource( 2 )

[node name="Middle_Distal" type="BoneAttachment" parent="Left_Hand/Skeleton" index="9"]
transform = Transform( 0.999171, -0.0216345, -0.0344813, 0.0261322, -0.30857, 0.950843, -0.0312109, -0.950956, -0.307748, 0.0153496, -0.00919847, -0.166877 )
bone_name = "Middle_Distal"

[node name="KinematicBody" type="KinematicBody" parent="Left_Hand/Skeleton/Middle_Distal" index="0"]

[node name="CollisionShape" type="CollisionShape" parent="Left_Hand/Skeleton/Middle_Distal/KinematicBody" index="0"]
transform = Transform( -2.38651e-09, -7.91624e-09, 0.00800001, -2.32831e-10, 0.02, 1.74623e-09, -0.00900001, 0, -2.32831e-09, 0.000228081, 0.0122657, -0.00141403 )
shape = SubResource( 2 )

[node name="Middle_Intermediate" type="BoneAttachment" parent="Left_Hand/Skeleton" index="10"]
transform = Transform( 0.99943, 0.00491597, -0.0334047, 0.0334674, -0.275194, 0.960806, -0.00446949, -0.961376, -0.275202, 0.0150756, 0.00613488, -0.113311 )
bone_name = "Middle_Intermediate"

[node name="KinematicBody" type="KinematicBody" parent="Left_Hand/Skeleton/Middle_Intermediate" index="0"]

[node name="CollisionShape" type="CollisionShape" parent="Left_Hand/Skeleton/Middle_Intermediate/KinematicBody" index="0"]
transform = Transform( -3.94982e-09, -3.41485e-09, 0.01, -1.04774e-09, 0.022, 1.5522e-09, -0.014, -1.64644e-09, -2.8213e-09, 0.00122217, 0.019063, -0.00115869 )
shape = SubResource( 2 )

[node name="Middle_Proximal" type="BoneAttachment" parent="Left_Hand/Skeleton" index="11"]
transform = Transform( 0.999402, -0.000565211, -0.0345675, 0.0337127, -0.205626, 0.97805, -0.00766081, -0.97863, -0.205485, 0.0151113, 0.0191149, -0.0515356 )
bone_name = "Middle_Proximal"

[node name="KinematicBody" type="KinematicBody" parent="Left_Hand/Skeleton/Middle_Proximal" index="0"]

[node name="CollisionShape" type="CollisionShape" parent="Left_Hand/Skeleton/Middle_Proximal/KinematicBody" index="0"]
transform = Transform( -3.92902e-09, 2.79397e-09, 0.01, -1.04774e-09, 0.025, 1.28057e-09, -0.014, -1.62981e-09, -2.82307e-09, 0.00114012, 0.033111, 0.00051151 )
shape = SubResource( 2 )

[node name="Ring_Distal" type="BoneAttachment" parent="Left_Hand/Skeleton" index="12"]
transform = Transform( 0.990481, -0.0981948, -0.0964631, 0.0478796, -0.411253, 0.910263, -0.129054, -0.906216, -0.402637, -0.0384255, -0.0171371, -0.136851 )
bone_name = "Ring_Distal"

[node name="KinematicBody" type="KinematicBody" parent="Left_Hand/Skeleton/Ring_Distal" index="0"]

[node name="CollisionShape" type="CollisionShape" parent="Left_Hand/Skeleton/Ring_Distal/KinematicBody" index="0"]
transform = Transform( -2.38651e-09, -7.91624e-09, 0.00800001, -2.32831e-10, 0.02, 1.74623e-09, -0.00900001, 0, -2.32831e-09, 0.000228081, 0.0122657, -0.00141403 )
shape = SubResource( 2 )

[node name="Ring_Intermediate" type="BoneAttachment" parent="Left_Hand/Skeleton" index="13"]
transform = Transform( 0.981296, -0.149682, -0.121055, 0.0553795, -0.38276, 0.922187, -0.18437, -0.911642, -0.367311, -0.0330026, -0.00326981, -0.103823 )
bone_name = "Ring_Intermediate"

[node name="KinematicBody" type="KinematicBody" parent="Left_Hand/Skeleton/Ring_Intermediate" index="0"]

[node name="CollisionShape" type="CollisionShape" parent="Left_Hand/Skeleton/Ring_Intermediate/KinematicBody" index="0"]
transform = Transform( -3.94982e-09, -3.41485e-09, 0.01, -1.04774e-09, 0.022, 1.5522e-09, -0.014, -1.64644e-09, -2.8213e-09, 0.00122217, 0.019063, -0.00115869 )
shape = SubResource( 2 )

[node name="Ring_Proximal" type="BoneAttachment" parent="Left_Hand/Skeleton" index="14"]
transform = Transform( 0.971694, -0.22123, -0.0828742, 0.0238719, -0.257056, 0.966102, -0.235034, -0.940733, -0.244499, -0.0187191, 0.0133268, -0.043085 )
bone_name = "Ring_Proximal"

[node name="KinematicBody" type="KinematicBody" parent="Left_Hand/Skeleton/Ring_Proximal" index="0"]

[node name="CollisionShape" type="CollisionShape" parent="Left_Hand/Skeleton/Ring_Proximal/KinematicBody" index="0"]
transform = Transform( -3.92902e-09, 2.79397e-09, 0.01, -1.04774e-09, 0.025, 1.28057e-09, -0.014, -1.62981e-09, -2.82307e-09, 0.00114012, 0.033111, 0.00051151 )
shape = SubResource( 2 )

[node name="Little_Distal" type="BoneAttachment" parent="Left_Hand/Skeleton" index="15"]
transform = Transform( 0.98834, -0.104915, -0.110351, 0.0524518, -0.445787, 0.893601, -0.142945, -0.888969, -0.435086, -0.0711763, -0.025251, -0.0988028 )
bone_name = "Little_Distal"

[node name="KinematicBody" type="KinematicBody" parent="Left_Hand/Skeleton/Little_Distal" index="0"]

[node name="CollisionShape" type="CollisionShape" parent="Left_Hand/Skeleton/Little_Distal/KinematicBody" index="0"]
transform = Transform( -2.38651e-09, -7.91624e-09, 0.00800001, -2.32831e-10, 0.02, 1.74623e-09, -0.00900001, 0, -2.32831e-09, 0.000228081, 0.0122657, -0.00141403 )
shape = SubResource( 2 )

[node name="Little_Intermediate" type="BoneAttachment" parent="Left_Hand/Skeleton" index="16"]
transform = Transform( 0.969283, -0.238976, -0.0581416, -0.0174268, -0.302538, 0.952978, -0.245329, -0.922692, -0.297409, -0.0650352, -0.0174766, -0.0750919 )
bone_name = "Little_Intermediate"

[node name="KinematicBody" type="KinematicBody" parent="Left_Hand/Skeleton/Little_Intermediate" index="0"]

[node name="CollisionShape" type="CollisionShape" parent="Left_Hand/Skeleton/Little_Intermediate/KinematicBody" index="0"]
transform = Transform( -3.94982e-09, -3.41485e-09, 0.01, -1.04774e-09, 0.022, 1.5522e-09, -0.014, -1.64644e-09, -2.8213e-09, 0.00122217, 0.019063, -0.00115869 )
shape = SubResource( 2 )

[node name="Little_Proximal" type="BoneAttachment" parent="Left_Hand/Skeleton" index="17"]
transform = Transform( 0.966723, -0.253503, -0.0343864, -0.0192994, -0.206298, 0.978299, -0.255096, -0.94508, -0.204326, -0.0501495, -0.00536281, -0.0195972 )
bone_name = "Little_Proximal"

[node name="KinematicBody" type="KinematicBody" parent="Left_Hand/Skeleton/Little_Proximal" index="0"]

[node name="CollisionShape" type="CollisionShape" parent="Left_Hand/Skeleton/Little_Proximal/KinematicBody" index="0"]
transform = Transform( -3.92902e-09, 2.79397e-09, 0.01, -1.04774e-09, 0.025, 1.28057e-09, -0.014, -1.62981e-09, -2.82307e-09, 0.00114012, 0.033111, 0.00051151 )
shape = SubResource( 2 )
