[gd_scene load_steps=7 format=2]

[ext_resource path="res://Assets/Hands/right_hand_03_25.glb" type="PackedScene" id=1]
[ext_resource path="res://Assets/Hands/hand_normals.png" type="Texture" id=2]
[ext_resource path="res://Assets/Hands/hand_cavity.png" type="Texture" id=3]
[ext_resource path="res://Assets/KeypointMaterials/hand_keypoint_material.tres" type="Material" id=4]

[sub_resource type="SpatialMaterial" id=1]
albedo_texture = ExtResource( 3 )
normal_enabled = true
normal_scale = 1.0
normal_texture = ExtResource( 2 )

[sub_resource type="CapsuleShape" id=2]

[node name="RightHand" instance=ExtResource( 1 )]

[node name="Skeleton" parent="Right_Hand" index="0"]
bones/2/bound_children = [ NodePath("Little_Proximal") ]
bones/3/bound_children = [ NodePath("Little_Intermediate") ]
bones/4/bound_children = [ NodePath("Little_Distal") ]
bones/7/bound_children = [ NodePath("Ring_Proximal") ]
bones/8/bound_children = [ NodePath("Ring_Intermediate") ]
bones/9/bound_children = [ NodePath("Ring_Distal") ]
bones/12/bound_children = [ NodePath("Palm") ]
bones/13/bound_children = [ NodePath("Middle_Proximal") ]
bones/14/bound_children = [ NodePath("Middle_Intermediate") ]
bones/15/bound_children = [ NodePath("Middle_Distal") ]
bones/18/bound_children = [ NodePath("Index_Proximal") ]
bones/19/bound_children = [ NodePath("Index_Intermediate") ]
bones/20/bound_children = [ NodePath("Index_Distal") ]
bones/23/bound_children = [ NodePath("Thumb_Proximal") ]
bones/24/bound_children = [ NodePath("Thumb_Distal") ]

[node name="Hand_Mesh_R" parent="Right_Hand/Skeleton" index="0"]
material/0 = SubResource( 1 )

[node name="Keypoints_R" parent="Right_Hand/Skeleton" index="1"]
material/0 = ExtResource( 4 )

[node name="Wrist" type="BoneAttachment" parent="Right_Hand/Skeleton" index="2"]

[node name="KinematicBody" type="KinematicBody" parent="Right_Hand/Skeleton/Wrist" index="0"]

[node name="CollisionShape" type="CollisionShape" parent="Right_Hand/Skeleton/Wrist/KinematicBody" index="0"]
transform = Transform( -1.96701e-09, 0, 0.032, 0, 0.035, 0, -0.045, 0, -1.39876e-09, -0.0113484, 0, 0.101898 )
shape = SubResource( 2 )

[node name="Palm" type="BoneAttachment" parent="Right_Hand/Skeleton" index="3"]
transform = Transform( 0.999964, -0.00818182, 0.0024539, -0.00207744, 0.0457058, 0.998953, -0.0082854, -0.998922, 0.0456871, -0.0145813, 0.0161543, 0.0131699 )
bone_name = "Palm"

[node name="KinematicBody" type="KinematicBody" parent="Right_Hand/Skeleton/Palm" index="0"]

[node name="CollisionShape" type="CollisionShape" parent="Right_Hand/Skeleton/Palm/KinematicBody" index="0"]
transform = Transform( -1.78261e-09, -1.16415e-10, 0.046, 1.74623e-09, 0.06, 1.45519e-10, -0.041, 2.79397e-09, -1.99179e-09, 0.00496459, 0.0023666, -0.0100467 )
shape = SubResource( 2 )

[node name="Thumb_Distal" type="BoneAttachment" parent="Right_Hand/Skeleton" index="4"]
transform = Transform( 0.833401, -0.523755, -0.176417, -0.101023, -0.458201, 0.883089, -0.543357, -0.718145, -0.434777, -0.123804, -0.0270487, -0.00906708 )
bone_name = "Thumb_Distal"

[node name="KinematicBody" type="KinematicBody" parent="Right_Hand/Skeleton/Thumb_Distal" index="0"]

[node name="CollisionShape" type="CollisionShape" parent="Right_Hand/Skeleton/Thumb_Distal/KinematicBody" index="0"]
transform = Transform( -4.23195e-09, 5.97332e-09, 0.009, 0, 0.031, -1.73419e-09, -0.015, -1.68525e-15, -2.53917e-09, 0.00233322, 0.0119815, -0.000889764 )
shape = SubResource( 2 )

[node name="Thumb_Proximal" type="BoneAttachment" parent="Right_Hand/Skeleton" index="5"]
transform = Transform( 0.731961, -0.668326, -0.132564, -0.127023, -0.325003, 0.937144, -0.669401, -0.669114, -0.322782, -0.0870657, -0.00918322, 0.0277142 )
bone_name = "Thumb_Proximal"

[node name="KinematicBody" type="KinematicBody" parent="Right_Hand/Skeleton/Thumb_Proximal" index="0"]

[node name="CollisionShape" type="CollisionShape" parent="Right_Hand/Skeleton/Thumb_Proximal/KinematicBody" index="0"]
transform = Transform( -4.88944e-09, -4.65661e-09, 0.012, -6.98492e-10, 0.029, 4.65661e-10, -0.017, 9.31323e-10, -2.79397e-09, -0.0030748, 0.0133513, 0.00347314 )
shape = SubResource( 2 )

[node name="Index_Distal" type="BoneAttachment" parent="Right_Hand/Skeleton" index="6"]
transform = Transform( 0.978181, -0.204193, -0.0383119, -0.0403894, -0.367794, 0.929029, -0.203792, -0.907212, -0.368017, -0.06288, 0.00814418, -0.145323 )
bone_name = "Index_Distal"

[node name="KinematicBody" type="KinematicBody" parent="Right_Hand/Skeleton/Index_Distal" index="0"]

[node name="CollisionShape" type="CollisionShape" parent="Right_Hand/Skeleton/Index_Distal/KinematicBody" index="0"]
transform = Transform( -2.38651e-09, -7.91624e-09, 0.00800001, -2.32831e-10, 0.02, 1.74623e-09, -0.00900001, 0, -2.32831e-09, 0.000228081, 0.0122657, -0.00141403 )
shape = SubResource( 2 )

[node name="Index_Intermediate" type="BoneAttachment" parent="Right_Hand/Skeleton" index="7"]
transform = Transform( 0.972878, -0.230472, 0.0197523, -0.0473411, -0.114798, 0.99226, -0.226421, -0.966284, -0.122595, -0.054064, 0.0125354, -0.108361 )
bone_name = "Index_Intermediate"

[node name="KinematicBody" type="KinematicBody" parent="Right_Hand/Skeleton/Index_Intermediate" index="0"]

[node name="CollisionShape" type="CollisionShape" parent="Right_Hand/Skeleton/Index_Intermediate/KinematicBody" index="0"]
transform = Transform( -3.94982e-09, -3.41485e-09, 0.01, -1.04774e-09, 0.022, 1.5522e-09, -0.014, -1.64644e-09, -2.8213e-09, 0.00122217, 0.019063, -0.00115869 )
shape = SubResource( 2 )

[node name="Index_Proximal" type="BoneAttachment" parent="Right_Hand/Skeleton" index="8"]
transform = Transform( 0.984285, -0.175595, 0.0186665, -0.0398929, -0.118142, 0.992195, -0.17202, -0.977348, -0.12329, -0.0436321, 0.0195541, -0.0502982 )
bone_name = "Index_Proximal"

[node name="KinematicBody" type="KinematicBody" parent="Right_Hand/Skeleton/Index_Proximal" index="0"]

[node name="CollisionShape" type="CollisionShape" parent="Right_Hand/Skeleton/Index_Proximal/KinematicBody" index="0"]
transform = Transform( -3.92902e-09, 2.79397e-09, 0.01, -1.04774e-09, 0.025, 1.28057e-09, -0.014, -1.62981e-09, -2.82307e-09, 0.00114012, 0.033111, 0.00051151 )
shape = SubResource( 2 )

[node name="Middle_Distal" type="BoneAttachment" parent="Right_Hand/Skeleton" index="9"]
transform = Transform( 0.999765, 0.0216345, -0.00106619, 0.00769167, -0.308569, 0.951171, 0.0202491, -0.950956, -0.308664, -0.0153495, -0.00919846, -0.166877 )
bone_name = "Middle_Distal"

[node name="KinematicBody" type="KinematicBody" parent="Right_Hand/Skeleton/Middle_Distal" index="0"]

[node name="CollisionShape" type="CollisionShape" parent="Right_Hand/Skeleton/Middle_Distal/KinematicBody" index="0"]
transform = Transform( -2.38651e-09, -7.91624e-09, 0.00800001, -2.32831e-10, 0.02, 1.74623e-09, -0.00900001, 0, -2.32831e-09, 0.000228081, 0.0122657, -0.00141403 )
shape = SubResource( 2 )

[node name="Middle_Intermediate" type="BoneAttachment" parent="Right_Hand/Skeleton" index="10"]
transform = Transform( 0.999988, -0.00491597, 0.00034433, -0.0016839, -0.275194, 0.961387, -0.00463139, -0.961376, -0.275199, -0.0150756, 0.00613489, -0.113311 )
bone_name = "Middle_Intermediate"

[node name="KinematicBody" type="KinematicBody" parent="Right_Hand/Skeleton/Middle_Intermediate" index="0"]

[node name="CollisionShape" type="CollisionShape" parent="Right_Hand/Skeleton/Middle_Intermediate/KinematicBody" index="0"]
transform = Transform( -3.94982e-09, -3.41485e-09, 0.01, -1.04774e-09, 0.022, 1.5522e-09, -0.014, -1.64644e-09, -2.8213e-09, 0.00122217, 0.019063, -0.00115869 )
shape = SubResource( 2 )

[node name="Middle_Proximal" type="BoneAttachment" parent="Right_Hand/Skeleton" index="11"]
transform = Transform( 0.999999, 0.000565212, -0.000813941, 0.000912773, -0.205626, 0.97863, 0.000385768, -0.97863, -0.205627, -0.0151113, 0.0191149, -0.0515356 )
bone_name = "Middle_Proximal"

[node name="KinematicBody" type="KinematicBody" parent="Right_Hand/Skeleton/Middle_Proximal" index="0"]

[node name="CollisionShape" type="CollisionShape" parent="Right_Hand/Skeleton/Middle_Proximal/KinematicBody" index="0"]
transform = Transform( -3.92902e-09, 2.79397e-09, 0.01, -1.04774e-09, 0.025, 1.28057e-09, -0.014, -1.62981e-09, -2.82307e-09, 0.00114012, 0.033111, 0.00051151 )
shape = SubResource( 2 )

[node name="Ring_Distal" type="BoneAttachment" parent="Right_Hand/Skeleton" index="12"]
transform = Transform( 0.988955, 0.0981949, 0.111023, -0.0612643, -0.411253, 0.90946, 0.134963, -0.906217, -0.400695, 0.0384255, -0.0171371, -0.136851 )
bone_name = "Ring_Distal"

[node name="KinematicBody" type="KinematicBody" parent="Right_Hand/Skeleton/Ring_Distal" index="0"]

[node name="CollisionShape" type="CollisionShape" parent="Right_Hand/Skeleton/Ring_Distal/KinematicBody" index="0"]
transform = Transform( -2.38651e-09, -7.91624e-09, 0.00800001, -2.32831e-10, 0.02, 1.74623e-09, -0.00900001, 0, -2.32831e-09, 0.000228081, 0.0122657, -0.00141403 )
shape = SubResource( 2 )

[node name="Ring_Intermediate" type="BoneAttachment" parent="Right_Hand/Skeleton" index="13"]
transform = Transform( 0.985769, 0.149682, 0.0765175, -0.0135841, -0.38276, 0.923748, 0.167556, -0.911642, -0.375279, 0.0330026, -0.00326981, -0.103823 )
bone_name = "Ring_Intermediate"

[node name="KinematicBody" type="KinematicBody" parent="Right_Hand/Skeleton/Ring_Intermediate" index="0"]

[node name="CollisionShape" type="CollisionShape" parent="Right_Hand/Skeleton/Ring_Intermediate/KinematicBody" index="0"]
transform = Transform( -3.94982e-09, -3.41485e-09, 0.01, -1.04774e-09, 0.022, 1.5522e-09, -0.014, -1.64644e-09, -2.8213e-09, 0.00122217, 0.019063, -0.00115869 )
shape = SubResource( 2 )

[node name="Ring_Proximal" type="BoneAttachment" parent="Right_Hand/Skeleton" index="14"]
transform = Transform( 0.97358, 0.221231, 0.0565699, 0.00225957, -0.257056, 0.966394, 0.228338, -0.940733, -0.250765, 0.0187191, 0.0133268, -0.043085 )
bone_name = "Ring_Proximal"

[node name="KinematicBody" type="KinematicBody" parent="Right_Hand/Skeleton/Ring_Proximal" index="0"]

[node name="CollisionShape" type="CollisionShape" parent="Right_Hand/Skeleton/Ring_Proximal/KinematicBody" index="0"]
transform = Transform( -3.92902e-09, 2.79397e-09, 0.01, -1.04774e-09, 0.025, 1.28057e-09, -0.014, -1.62981e-09, -2.82307e-09, 0.00114012, 0.033111, 0.00051151 )
shape = SubResource( 2 )

[node name="Little_Distal" type="BoneAttachment" parent="Right_Hand/Skeleton" index="15"]
transform = Transform( 0.988555, 0.104915, 0.108402, -0.0506898, -0.445787, 0.893703, 0.142087, -0.88897, -0.435367, 0.0711763, -0.025251, -0.0988029 )
bone_name = "Little_Distal"

[node name="KinematicBody" type="KinematicBody" parent="Right_Hand/Skeleton/Little_Distal" index="0"]

[node name="CollisionShape" type="CollisionShape" parent="Right_Hand/Skeleton/Little_Distal/KinematicBody" index="0"]
transform = Transform( -2.38651e-09, -7.91624e-09, 0.00800001, -2.32831e-10, 0.02, 1.74623e-09, -0.00900001, 0, -2.32831e-09, 0.000228081, 0.0122657, -0.00141403 )
shape = SubResource( 2 )

[node name="Little_Intermediate" type="BoneAttachment" parent="Right_Hand/Skeleton" index="16"]
transform = Transform( 0.967105, 0.238976, 0.0871693, -0.0111461, -0.302538, 0.953072, 0.254133, -0.922693, -0.289922, 0.0650352, -0.0174766, -0.075092 )
bone_name = "Little_Intermediate"

[node name="KinematicBody" type="KinematicBody" parent="Right_Hand/Skeleton/Little_Intermediate" index="0"]

[node name="CollisionShape" type="CollisionShape" parent="Right_Hand/Skeleton/Little_Intermediate/KinematicBody" index="0"]
transform = Transform( -3.94982e-09, -3.41485e-09, 0.01, -1.04774e-09, 0.022, 1.5522e-09, -0.014, -1.64644e-09, -2.8213e-09, 0.00122217, 0.019063, -0.00115869 )
shape = SubResource( 2 )

[node name="Little_Proximal" type="BoneAttachment" parent="Right_Hand/Skeleton" index="17"]
transform = Transform( 0.965407, 0.253503, 0.0610302, -0.00768405, -0.206298, 0.978459, 0.260633, -0.945081, -0.197214, 0.0501496, -0.00536281, -0.0195972 )
bone_name = "Little_Proximal"

[node name="KinematicBody" type="KinematicBody" parent="Right_Hand/Skeleton/Little_Proximal" index="0"]

[node name="CollisionShape" type="CollisionShape" parent="Right_Hand/Skeleton/Little_Proximal/KinematicBody" index="0"]
transform = Transform( -3.92902e-09, 2.79397e-09, 0.01, -1.04774e-09, 0.025, 1.28057e-09, -0.014, -1.62981e-09, -2.82307e-09, 0.00114012, 0.033111, 0.00051151 )
shape = SubResource( 2 )
